/home/hoainiem/CLionProjects/Quality_of_Service_Degradation/cmake-build-debug/Quality_of_Service_Degradation
Iterative Greedy type 1: 0 2 0 1 1 1 0 2 0 1 1 0 0 0 0 0 0 0 1 0 2 0 1 0 1 0 0 0 0 2 1 0 0 1 2 0 1 0 2 0 0 0 1 0 2 0 1 0 0 0 0 2 2 1 2 1 1 1 0 0 1 0 0 0 0 3 1 2 2 2 1 1 0 0 0 0 1 0 1 1 1 1 0 0 1 2 0 1 1 2 1 4 1 1 1 0 3 1 1 1 0 1 0 0 1 1 1 0 0 0 0 1 1 0 1 0 1 0 0 2 0
Norm = 86
Iterative Greedy type 2: 0 2 1 1 1 0 0 2 1 1 1 0 0 1 0 1 0 0 0 0 2 0 1 0 1 0 0 0 0 2 1 0 1 0 2 0 1 0 2 0 0 0 1 0 2 0 0 0 0 0 0 2 2 1 2 1 1 1 1 2 1 0 0 0 0 3 1 2 2 2 1 1 0 0 0 0 1 0 1 1 1 1 0 0 1 2 0 1 1 2 1 4 1 1 1 0 3 1 1 1 0 1 0 0 1 1 1 0 0 0 0 1 1 0 1 0 1 0 0 2 0
Norm = 90
Sampling Approach: 0 2 1 2 1 0 1 2 1 1 1 2 1 1 0 1 0 0 1 0 2 2 1 2 2 2 1 0 1 1 1 1 0 1 2 0 0 1 2 0 0 0 1 2 0 0 0 2 1 4 2 2 2 2 2 1 2 1 1 1 1 1 1 0 0 0 1 2 0 2 1 1 0 0 1 1 2 0 1 2 2 2 0 1 0 2 0 1 3 3 1 2 4 2 0 0 3 1 1 1 1 1 1 1 1 2 0 2 2 2 2 0 1 0 1 0 1 1 1 2 1
Norm = 135
Adaptive Trading type 1: 0 0 0 0 0 0 2 2 0 1 0 2 2 0 0 0 2 0 1 0 0 2 0 0 0 1 1 1 0 2 1 0 0 0 1 0 0 2 1 1 2 0 1 1 0 2 3 1 2 0 1 1 2 2 0 1 0 0 0 0 2 0 0 0 0 2 2 1 0 2 1 0 1 0 1 2 0 0 0 0 0 2 1 2 0 0 2 3 0 0 1 2 2 0 0 2 0 0 0 0 0 0 0 0 1 2 0 1 3 0 0 0 0 0 1 0 0 3 0 0 0 0 3 0 0 2 0 0 0 0 2 1 2 0 2 0 2
Norm = 100
Adaptive Trading type 2: 0 1 0 0 0 0 2 2 0 1 1 2 2 1 0 0 2 0 1 0 2 2 0 0 2 1 1 0 0 2 1 0 1 0 1 0 0 2 1 1 2 1 1 1 0 2 3 1 2 1 1 1 2 2 0 0 0 2 0 0 2 0 0 0 0 2 2 0 0 2 1 0 1 0 1 2 0 0 0 0 0 2 0 2 0 1 2 3 0 0 1 2 2 0 0 2 0 0 0 0 0 0 1 0 1 2 1 1 3 0 0 0 0 0 1 0 0 3 0 0 1 2 3 1 0 2 1 0 1 0 2 1 2 0 2 1 2
Norm = 118

Process finished with exit code 0
